
strategic_region={
	id=228
	name="STRATEGICREGION_228"
	provinces={
		191 697 988 989 992 1013 1028 1037 1041 1043 1046 1057 1058 1060 1062 1064 1068 1071 1079 1080 1095 1102 1105 1111 1115 1118 1126 1127 1128 1130 1140 1141 1143 1145 1149 1151 1152 1160 1174 1181 1186 1189 1194 1198 1204 1206 1207 1468 1473 1494 1509 1516 1552 1580 1688 1731 1817 1833 1846 1874 1883 1891 1897 1901 1903 1905 1909 1914 1929 1932 1939 1950 1951 1953 1956 1958 1960 1962 1964 1966 1966 1967 1968 1969 1974 1975 1977 1984 1989 1992 1993 1994 2001 2003 2009 2012 2016 2020 2024 2025 2034 2038 2040 2044 2046 2049 2050 2056 2063 2064 2066 2068 2072 2073 2080 2081 2088 2094 2096 2100 2115 2120 2123 2126 2151 2154 2159 2171 2176 2180 2192 2193 2196 2202 2206 2207 2213 2216 2217 2220 2229 2255 2281 2308 3109 3123 3165 3181 3854 3987 3991 3996 4018 4022 4033 4046 4047 4051 4055 4057 4060 4061 4063 4068 4073 4076 4084 4097 4108 4116 4117 4120 4128 4129 4131 4133 4136 4138 4139 4143 4145 4146 4150 4151 4154 4163 4171 4176 4191 4194 4199 4200 4201 4515 4528 4556 4584 4696 4735 4822 4851 4879 4889 4897 4902 4903 4909 4910 4913 4918 4920 4927 4933 4938 4941 4948 4952 4954 4957 4961 4962 4963 4970 4972 4978 4985 4989 4992 4995 4997 5004 5010 5012 5013 5017 5028 5034 5035 5036 5039 5041 5045 5046 5047 5053 5054 5060 5065 5068 5068 5068 5069 5070 5077 5078 5079 5084 5091 5095 5097 5101 5106 5117 5136 5139 5154 5155 5158 5160 5164 5177 5180 5189 5196 5199 5203 5210 5212 5217 5221 5224 5231 6008 6020 6027 6039 7005 7008 7011 7030 7033 7040 7041 7063 7065 7066 7069 7073 7076 7077 7079 7081 7082 7088 7091 7100 7116 7117 7132 7133 7136 7139 7144 7148 7149 7154 7156 7161 7162 7164 7166 7173 7180 7188 7194 7203 7206 7209 7215 7216 7219 7548 7576 7605 7716 7770 7842 7872 7900 7908 7912 7919 7925 7930 7931 7939 7943 7944 7950 7954 7958 7959 7963 7972 7978 7979 7980 7983 7985 7987 7989 7992 7996 8006 8008 8015 8016 8019 8021 8028 8034 8035 8036 8038 8039 8043 8046 8048 8052 8054 8058 8061 8062 8065 8069 8071 8077 8078 8084 8088 8094 8094 8094 8096 8103 8105 8109 8111 8116 8122 8124 8128 8133 8136 8138 8144 8164 8178 8182 8183 8193 8201 8202 8205 8207 8214 8219 8223 8244 8245 8248 9137 9152 9943 9945 9957 9960 9962 9964 9976 9977 9980 9983 9986 9989 9992 9994 10005 10013 10023 10025 10026 10028 10031 10037 10045 10046 10049 10059 10061 10067 10070 10071 10073 10078 10082 10091 10097 10104 10107 10113 10117 10120 10123 10126 10127 10400 10415 10442 10525 10538 10566 10594 10668 10697 10725 10731 10734 10739 10743 10745 10749 10754 10758 10761 10762 10764 10766 10771 10775 10777 10777 10777 10779 10780 10784 10785 10788 10795 10803 10805 10812 10814 10818 10820 10827 10829 10831 10833 10833 10833 10836 10838 10844 10845 10851 10857 10858 10859 10860 10862 10868 10869 10875 10877 10883 10884 10891 10891 10893 10900 10902 10907 10908 10915 10917 10919 10921 10921 10921 10928 10929 10930 10932 10948 10951 10957 10962 10963 10966 10968 10972 10976 10978 10988 11012 11014 11017 11108 11145 11194 11910 11921 11923 11934 11935 11939 11940 11943 11951 11953 11954 11957 11964 11967 11969 11974 11987 11999 12000 12002 12004 12009 12018 12020 12022 12025 12033 12034 12039 12042 12044 12049 12051 12064 12071 12079 12082 12087 12088 12091 12094 12099 12100 12391 12419 12504 12519 12547 12589 12648 12677 12692 12707 12710 12711 12714 12719 12723 12725 12731 12733 12741 12742 12744 12747 12751 12757 12759 12759 12759 12760 12762 12764 12766 12771 12775 12783 12785 12787 12794 12795 12796 12800 12802 12806 12808 12812 12814 12814 12814 12816 12817 12824 12826 12830 12834 12836 12838 12840 12842 12843 12847 12849 12851 12856 12857 12858 12862 12866 12874 12881 12887 12888 12889 12891 12896 12900 12907 12908 12911 12921 12925 12927 12929 12935 12940 12941 12944 12945 12950 12958 12963 12967 12971 12975 12981 12985 12986 12989 12991 13073 13074 13077 13078 13135 13136 13137 13138 13145 13173 13176 13177 13179 13209 13210 13211 13212 13213 13217 13236 13237 13238 13239 13240 13241 13242 13243 13244 13245 13246 13247 13248 13249 13250 13251 13252 13253 13254 13255 13256 13257 13258 13259 13260 13261 13262 13263 13264 13265 13266 13267 13268 13269 13270 13271 13272 13273 13274 13275 13276 13277 13278 13279 13280 13281 13282 13283 13284 13285 13286 13287 13288 13289 13290 13291 13292 13293 13294 13295 13296 13297 13298 13299 13300 13301 13302 13303 13304 13305 13306 13307 13308 13309 13310 13311 13312 13313 13314 13315 13316 13317 13318 13319 13320 13321 13322 13323 13324 13325 13326 13327 13328 13329 13330 13331 13332 13333 13334 13335 13336 13337 13338 13339 13340 13341 13342 13343 13344 13345 13346 13347 13348 13349 13350 13351 13352 13353 13354 13355 13356 13357 13358 13359 13360 13361 13362 13363 13364 13365 13366 13367 13368 13369 13370 13371 13372 13373 13374 13375 13376 13377 13378 13379 13380 13381 13382 13383 13384 13385 13386 13387 13388 13389 13390 13391 13392 13393 13394 13395 13396 13397 13398 13399 13400 13401 13402 13403 13404 13405 13406 13407 13408 13409 13410 13411 13412 13413 13414 13415 13416 13417 13418 13419 13420 13421 13422 13423 13424 13425 13426 13427 13428 13429 13430 13431 13432 13433 13434 13435 13436 13437 13438 13439 13440 13441 13442 13443 13444 13445 13446 13447 13448 13449 13450 13451 13452 13453 13454 13455 13456 13457 13458 13459 13460 13461 13462 13463 13464 13465 
	}
	weather={
	}
}
