
strategic_region={
	id=231
	name="STRATEGICREGION_231"
	provinces={
		664 675 681 725 739 753 783 800 810 836 837 855 861 887 892 916 927 930 944 945 946 957 964 973 987 1150 1267 1297 1325 1343 1369 1397 1499 1502 1504 1508 1545 1558 1567 1571 1588 1627 1638 1645 1666 1672 1674 1676 1679 1685 1689 1693 1696 1697 1702 1707 1714 1718 1722 1724 1725 1727 1728 1730 1732 1733 1735 1739 1741 1742 1743 1745 1748 1749 1755 1761 1762 1765 1772 1776 1777 1779 1780 1787 1790 1791 1792 1794 1795 1797 1798 1802 1803 1805 1807 1810 1811 1813 1816 1819 1823 1824 1826 1828 1829 1834 1837 1839 1842 1845 1847 1850 1852 1859 1860 1863 1864 1865 1868 1871 1876 1877 1878 1879 2853 2877 3184 3664 3695 3723 3739 3753 3756 3783 3787 3791 3811 3815 3839 3843 3849 3877 3888 3895 3913 3929 3932 3944 3947 3949 3963 3970 3977 3978 4006 4222 4229 4246 4290 4366 4404 4455 4503 4506 4551 4555 4561 4572 4592 4633 4642 4649 4661 4665 4670 4675 4677 4680 4681 4685 4687 4690 4697 4701 4703 4705 4711 4716 4719 4724 4725 4726 4728 4731 4732 4734 4737 4743 4744 4745 4750 4752 4762 4766 4767 4779 4781 4782 4785 4789 4792 4793 4795 4797 4798 4800 4801 4803 4805 4806 4808 4809 4810 4815 4818 4821 4827 4829 4831 4832 4835 4837 4840 4841 4842 4844 4847 4852 4853 4855 4862 4866 4868 4873 4876 4878 4881 4882 5264 5427 6085 6211 6684 6686 6715 6774 6804 6806 6811 6833 6838 6851 6860 6863 6868 6905 6910 6918 6947 6961 6964 6981 6989 7249 7266 7274 7309 7317 7523 7526 7569 7578 7582 7591 7613 7616 7648 7652 7655 7663 7670 7672 7676 7680 7687 7691 7697 7701 7703 7707 7708 7713 7717 7722 7725 7726 7731 7736 7743 7744 7746 7748 7749 7750 7751 7752 7754 7757 7759 7763 7765 7767 7769 7772 7785 7786 7789 7793 7799 7801 7802 7804 7805 7812 7815 7816 7817 7819 7822 7823 7825 7828 7832 7835 7838 7841 7844 7848 7849 7851 7854 7860 7861 7863 7868 7871 7873 7876 7878 7881 7885 7886 7889 7890 7894 7897 7902 9589 9604 9623 9639 9641 9659 9733 9749 9759 9762 9766 9781 9782 9798 9803 9841 9848 9854 9866 9883 9885 9895 9897 9913 9926 9928 10202 10215 10363 10368 10376 10379 10429 10433 10463 10466 10499 10503 10519 10521 10524 10528 10529 10531 10537 10540 10541 10543 10544 10546 10549 10554 10555 10557 10559 10562 10565 10567 10570 10571 10572 10574 10575 10576 10577 10578 10580 10583 10589 10590 10596 10597 10598 10608 10612 10613 10617 10623 10627 10628 10630 10631 10638 10639 10641 10643 10646 10647 10649 10652 10654 10655 10658 10661 10664 10667 10673 10675 10678 10681 10683 10686 10688 10698 10699 10701 10704 10705 10708 10712 10713 10714 10722 11410 11575 11607 11624 11626 11629 11643 11719 11744 11745 11750 11764 11765 11771 11777 11781 11808 11823 11850 11862 11864 11879 11893 11903 11904 11906 12136 12174 12189 12192 12207 12261 12263 12337 12342 12348 12355 12412 12427 12443 12469 12478 12482 12485 12500 12506 12507 12509 12510 12515 12518 12522 12523 12525 12528 12531 12533 12536 12537 12538 12540 12543 12548 12549 12551 12554 12555 12556 12557 12559 12563 12565 12569 12575 12579 12591 12592 12594 12595 12599 12605 12606 12608 12610 12611 12612 12613 12615 12616 12618 12621 12622 12623 12625 12628 12629 12631 12634 12638 12641 12644 12647 12649 12650 12654 12655 12657 12660 12665 12666 12668 12675 12678 12679 12681 12683 12686 12690 12691 12694 13059 13060 13061 13062 13063 13150 13152 13204 
	}
	weather={
	}
}
