
strategic_region={
	id=232
	name="STRATEGICREGION_232"
	provinces={
		475 642 756 1216 1220 12314 12653 1223 1229 7519 1239 1243 1247 1272 1276 1287 1303 1309 1312 1314 1331 1360 1363 1371 1375 1382 1384 1391 1402 1418 1429 1459 1479 1483 1493 1517 1532 1554 1573 1576 1591 1593 1614 1623 1632 1649 1662 1668 1675 1680 1694 1698 1703 1708 1721 1766 1774 1783 1818 1825 1838 1840 1844 1855 1919 1943 1970 2015 2058 2074 3593 4224 4227 4232 4238 4250 4254 4277 4281 4294 4300 4303 4309 4316 4333 4337 4340 4369 4374 4376 4389 4391 4394 4467 4482 4488 4492 4499 4523 4542 4563 4578 4581 4595 4599 4618 4620 4629 4636 4638 4651 4674 4682 4686 4704 4709 4714 4751 4764 4768 4770 4773 4777 4788 4823 4828 4843 4845 4849 4850 4858 4867 4923 4947 4973 5016 5042 5062 5087 5736 7224 7233 7243 7273 7298 7313 7326 7332 7335 7337 7341 7350 7354 7357 7370 7383 7392 7405 7407 7410 7425 7429 7477 7486 7501 7507 7541 7556 7563 7597 7600 7618 7635 7639 7641 7657 7682 7693 7702 7706 7711 7732 7737 7741 7773 7775 7777 7784 7790 7792 7795 7808 7843 7850 7856 7866 7870 7874 7924 7949 8027 8042 8086 8099 8112 9605 10131 10140 10146 10148 10161 10164 10168 10179 10187 10205 10211 10218 10220 10235 10239 10253 10262 10264 10268 10275 10277 10284 10290 10292 10295 10308 10312 10315 10348 10353 10357 10359 10366 10395 10406 10408 10414 10417 10420 10435 10452 10470 10485 10488 10506 10508 10530 10539 10545 10547 10550 10560 10563 10584 10601 10603 10610 10614 10619 10633 10634 10653 10660 10669 10671 10674 10680 10691 10695 10742 10821 10839 10885 10911 11687 11701 12108 12111 12115 12119 12121 12139 12143 12152 12161 12163 12170 12177 12179 12185 12194 12198 12218 12227 12229 12233 12235 12239 12250 12254 12257 12266 12285 12294  12324 12329 12340 12370 12383 12385 12397 12430 12454 12465 12471 12474 12487 12491 12511 12520 12524 12526 12529 12544 12564 12581 12583 12590 12598 12601 12614 12619 12635 12640  12656 12658 12662 12671 12695 12722 12737 12805 12864 13008 13147 13148 13149 13151 13197 13207 
	}
	weather={
	}
}
