2 7 6906 9896 6817 3873 6966 6812 9764 
1 4 6906 6959 9889 4098 
1 2 4098 10024 
1 2 6560 516 
2 2 3663 9617 
1 4 9458 507 9239 6103 
1 4 3369 11471 9239 6103 
1 5 6103 9239 6221 6270 9297 
3 4 6103 11374 221 271 
1 6 377 3241 6301 3301 3205 6384 
1 5 11218 9350 9237 6395 3273 
3 2 1182 9998 
2 3 9998 7157 7087 
2 3 7087 12097 10125 
2 2 7072 11960 
2 5 10125 7187 4172 4142 11960 
2 3 7072 12031 7212 
2 3 7212 11946 1092 
2 3 1092 10052 11985 
2 2 11960 1136 
1 2 7072 1136 
2 8 1136 9985 10055 1167 7145 1191 7050 11985 
2 2 1025 7110 
1 2 7110 9950 
2 6 4102 1183 12006 11925 4164 7110 
1 2 11985 1025 
2 5 11960 4142 4172 7102 10032 
2 7 1182 4188 4100 7016 4118 1024 7169 
2 4 7169 12056 3848 6994 
2 6 1117 11930 4067 1063 9865 6994 
2 2 12007 1117 
1 3 12007 10128 10032 
2 5 10125 7187 10015 11989 12007 
2 5 1182 1097 11908 11989 12007 
2 3 3962 7532 10444 
1 3 10444 10512 12421 
1 3 6994 9859 3962 
2 3 9843 11761 10068 
1 6 10068 9969 11996 11980 7189 1069 
2 5 9843 4140 12026 7109 4190 
1 5 1069 12045 4071 7089 10000 
2 4 1519 4538 12062 4190 
2 4 1069 4037 10043 7025 
1 9 11913 1146 10008 7094 11916 10040 9995 7085 7025 
1 3 7014 12052 10076 
1 4 10076 7120 996 11913 
1 4 7014 12076 4042 7191 
1 5 9974 7058 1096 11991 7191 
2 7 4190 1188 1169 4144 1139 9958 10364 
2 7 10364 12012 7568 7580 9934 7167 4619 
1 4 4619 4631 9999 7097 
1 3 3992 7653 1628 
1 3 10062 7108 1047 
1 6 10364 4066 7656 10098 4010 7025 
2 5 12068 1091 11959 7214 7186 
1 4 1047 12095 1120 9970 
1 3 7260 7344 10201 
2 4 4345 4417 10320 7433 
2 10 7433 1284 12291 4362 7379 4432 1424 7304 7644 7361 
2 8 4345 4417 10320 10174 12221 1282 4342 4285 
3 3 4345 4270 3778 
2 8 3775 6797 9580 11567 3605 6625 4270 4345 
3 6 3778 3635 3661 9634 6676 6510 
2 12 6510 9480 1299 4869 1782 10718 7794 13094 11571 4875 4426 4872 
2 4 6732 3906 11830 9832 
2 8 3878 6911 3806 11665 10381 11662 7345 4345 
2 4 9832 6909 9847 3878 
2 2 3878 6882 
2 3 6882 3863 6845 
2 3 6845 3824 6984 
3 2 6984 3957 
2 5 3957 873 3823 11841 10412 
2 10 11654 734 3733 3702 9708 1436 9693 3806 6911 3878 
2 4 1572 12381 1480 11975 
2 6 1843 9834 10489 866 12439 1572 
2 3 7202 1547 11975 
1 4 10412 3925 11738 788 
2 5 7202 10029 7012 4491 7138 
1 9 7202 7012 7134 11927 7083 7045 11783 6943 788 
1 4 1132 4168 6943 788 
1 4 7138 7083 12054 1132 
1 5 10412 9931 12445 10081 7138 
1 4 1814 4804 12617 12604 
2 8 1814 4804 12617 7783 1713 7887 1565 4543 
1 4 1814 4804 7692 1801 
2 4 2197 5195 2203 2211 
2 5 7798 4776 12932 12924 12910 
2 8 7798 12576 7755 1667 10455 10682 12435 12406 
2 10 7564 7535 7522 4481 12308 7651 10487 10460 4560 7566 
2 3 9817 11673 6734 
2 3 7859 12435 12406 
1 9 12406 7520 10388 4478 4658 10500 12451 10430 7564 
2 4 8186 5225 10925 12910 
1 10 12406 1537 10427 12377 11019 2114 8249 5211 5225 8186 
1 13 8186 10927 8165 5197 12948 2191 10969 8200 10949 1526 10983 2157 1652 
2 3 9315 6318 6384 
1 3 7101 10517 7097 
1 4 3992 4083 7172 7199 
1 6 10364 1004 1603 5092 7406 7418 
1 20 3326 3234 405 3355 564 6549 11445 11417 9572 11544 561 3299 3705 692 9652 11634 671 3657 9613 628 
1 11 587 9522 11562 6500 6496 3262 6598 6560 6446 575 11548 
1 10 3262 6496 11456 6241 6286 9309 11264 336 241 3326 
1 4 9434 11563 6569 9534 
1 2 3561 425 
1 4 9665 732 6723 6552 
1 3 11805 3861 799 
1 6 11751 9904 11846 923 9826 819 
1 8 11846 11882 3910 9838 925 967 9924 782 
1 13 7059 10074 3857 1156 4159 9990 12066 3901 10027 3968 851 955 819 
1 5 11751 6862 9750 910 9907 
1 7 6788 771 11726 3780 969 11568 603 
1 6 3780 6790 9752 6985 1616 9907 
1 3 6488 3397 6549 
1 3 405 3395 6377 
1 3 673 9652 692 
1 11 6960 9898 11877 11849 11834 911 3928 9909 11891 3772 6788 
1 6 6960 760 6770 9732 3770 9748 
1 10 4135 7153 9979 7068 10063 747 12038 4065 10109 10024 
1 7 9764 854 6927 9824 9853 3946 6960 
1 3 799 6924 9817 
1 14 6734 9689 11710 758 3761 6764 9719 13218 11707 6749 9703 11688 740 6756 
1 6 9765 6884 3846 3886 6902 13230 
1 6 7068 7198 6744 3871 3810 6948 
1 4 13230 9925 985 6948 
1 4 10024 1093 9903 832 
1 4 6906 3799 3891 3945 
1 5 13230 9839 9770 13221 6867 
1 7 6867 3874 9846 11825 6936 903 885 
1 6 11825 4024 3920 726 3729 11707 
1 24 6756 743 9710 6777 9737 11565 9597 6657 11600 11616 11465 9510 6536 542 3552 6572 9525 11508 9550 6449 3579 11535 6599 9434 
1 5 9434 485 11420 9500 11548 
1 3 11565 6792 3598 
1 4 9909 3959 6975 3764 
1 12 4135 13228 1048 4080 9815 12070 6880 3790 3866 980 970 11805 
1 8 603 3604 11584 628 6626 11735 11564 591 
1 6 591 11901 3943 3924 11816 6889 
1 9 6889 9821 9809 9780 9914 3884 11767 914 9805 
1 8 9805 9916 12001 1205 976 1109 3988 4109 
1 7 976 3864 3973 3844 10163 11818 895 
1 4 6626 599 9627 6650 
1 4 6889 11845 953 11899 
1 3 11818 3526 6886 
1 3 953 982 3922 
1 4 9627 9596 11612 3673 
1 5 6384 6335 6399 11332 11218 
1 2 3544 524 
1 3 9340 6222 6342 
1 4 6342 11246 9262 6314 
1 6 3544 6259 6321 3295 3380 362 
1 12 117 11072 9098 3053 9408 11202 415 3298 11222 7482 10323 9340 
1 10 6338 3315 6307 325 6403 368 11275 9368 9291 9358 
1 7 6269 11338 3240 252 9345 6346 9144 
1 11 9358 11134 9033 9159 6215 3190 11099 9122 11166 6167 3077 
1 5 6269 9267 6358 11239 11134 
1 8 9144 9046 9256 6245 3215 9343 11349 9265 
1 6 9265 11224 9242 3344 9287 11234 
1 5 7482 310 6459 9275 11259 
1 5 11259 9386 387 207 11234 
1 8 117 71 6035 3110 9060 11048 9177 11154 
1 5 11154 3176 85 6203 3077 
1 38 3686 705 3722 568 737 3573 588 11405 453 11452 3508 3531 418 9449 3492 558 3580 11244 11283 11337 11214 261 3292 6262 6333 9395 11268 11379 11248 269 9376 330 3322 9407 11344 3303 11375 9368 
1 6 6287 6393 3260 3325 11251 11366 
1 7 11366 3231 3368 9347 6325 6349 3326 
1 4 11366 332 399 3206 
1 4 117 6197 6174 9097 
1 4 9097 11186 104 4640 
1 5 4640 11443 11127 11426 3152 
1 7 9340 9240 9317 11291 3074 567 3152 
1 3 9060 3140 57 
1 5 6167 9188 6143 11213 9131 
1 4 9131 9199 75 72 
1 6 72 9130 3130 11171 312 3338 
1 8 362 3380 6402 6332 11265 348 3288 6314 
1 7 3544 9400 3482 11428 3586 13205 6464 
1 6 3544 11492 548 11515 17 6558 
1 5 3544 12562 3521 3559 11399 
1 5 4052 10065 7070 12040 7125 
1 6 11964 10005 12049 1155 11979 4161 
1 7 4161 4088 4206 1201 1065 11919 4111 
1 5 4111 4550 1056 7140 12473 
1 4 4161 10002 1015 4115 
1 2 721 737 
1 4 3452 6451 9433 11437 
1 8 9417 9430 6493 6474 3466 486 453 11437 
1 9 11548 3536 11483 11606 9536 3516 11519 13068 6598 
1 2 3516 516 
1 5 9671 9637 3840 986 6881 
1 3 610 781 3588 
1 5 610 6772 768 9697 9713 
1 4 9671 3678 6699 9713 
1 4 9671 3677 6694 1432 
1 4 6881 11876 3784 4518 
1 6 9814 10483 10387 4657 4799 11814 
1 3 1562 12374 7986 
1 4 1562 7517 11757 9814 
1 3 6881 11859 9814 
1 4 3588 6665 3471 11733 
1 3 610 3644 505 
1 5 505 11495 12281 4380 12211 
1 3 11733 10151 4274 
1 3 1562 12461 1892 
1 4 1892 12859 7964 1904 
1 3 1904 8119 12736 
1 3 12661 10679 13091 
1 4 13091 4848 10707 13203 
1 3 13203 13202 1799 
1 4 1799 10548 4870 10258 
1 4 10258 4385 1393 1408 
1 4 1408 4428 10157 7315 
1 4 12211 10271 7442 7315 
1 3 7315 12214 10327 
1 6 10271 7255 12155 10690 4747 10327 
1 4 4274 7398 12183 12155 
1 3 10679 1830 7855 
1 3 4848 7869 3606 
1 3 1628 1036 4619 
1 7 1628 7637 1153 12019 1125 10014 7191 
1 4 9970 9942 1053 7199 
1 6 7199 12030 10084 1193 1166 4196 
1 4 7071 11986 7027 4196 
1 4 9938 10093 10010 7071 
1 5 7108 4050 7067 9978 9938 
1 5 4196 4169 1094 7086 1055 
1 5 1055 4013 7146 10058 9974 
1 5 9843 6969 900 3830 3900 
1 8 3900 11886 6837 9835 11764 964 3783 1150 
1 8 964 836 3970 6981 11835 912 9790 4052 
1 8 1047 11941 4092 1087 7044 4028 7650 7137 
1 3 7650 4628 12436 
1 4 7650 1597 7095 10404 
1 5 7137 10050 7192 10105 11981 
1 4 7406 7301 5007 8049 
1 5 8049 4939 3745 8081 8127 
1 7 8127 12776 5031 10899 4783 4786 7864 
1 3 4140 6904 952 
1 4 952 1489 7545 11752 
1 3 11752 12448 12331 
1 4 12331 1723 1853 10632 
1 4 7864 10560 10634 10695 
1 3 10560 4843 12820 
1 6 7418 4167 2091 12274 8026 4925 
1 5 8026 7240 6999 4431 1010 
1 5 514 478 9496 11505 6521 
1 7 11338 378 9311 214 283 11314 11248 
